1|Paris Saint-Germain|27|22|2|3|75|24|68
2|Marseille|28|16|8|4|41|29|56
3|Rennes|28|15|5|8|38|24|50
4|Lille|28|15|4|9|35|27|49
5|Nice|28|11|8|9|41|38|41
6|Reims|28|10|11|7|26|21|41
7|Lyon|28|11|7|10|42|27|40
8|Montpellier|28|11|7|10|35|34|40
9|Monaco|28|11|7|10|44|44|40
10|Strasbourg|27|11|5|11|32|32|38
11|Angers|28|11|6|11|28|33|39
12|Bordeaux|28|9|10|9|40|34|37
13|Nantes|28|11|4|13|28|31|37
14|Brest|28|8|10|10|34|37|34
15|Metz|28|8|10|10|27|35|34
16|Dijon|28|7|9|12|27|37|30
17|Saint-Étienne|28|8|6|14|29|45|30
18|Nîmes|28|7|6|15|29|44|27
19|Amiens|28|4|11|13|31|50|23
20|Toulouse|28|3|4|21|22|58|13
